X = 1.0, Y = 5.0, Result = 0.2
X = 6.0, Y = 6.0, Result = 106.67532467532467
X = 1.0, Y = 2.0, Result = 0.2857142857142857
